<?xml version="1.0"?>
<opencv_storage>
<calibration_time>"Sat Sep 26 00:03:13 2020"</calibration_time>
<nr_of_frames>29</nr_of_frames>
<image_width>2592</image_width>
<image_height>1944</image_height>
<board_width>11</board_width>
<board_height>8</board_height>
<square_size>11.</square_size>
<fix_aspect_ratio>1.</fix_aspect_ratio>
<!-- flags: +fix_aspectRatio +fix_principal_point +zero_tangent_dist +fix_k4 +fix_k5 -->
<flags>6158</flags>
<fisheye_model>0</fisheye_model>
<camera_matrix type_id="opencv-matrix">
  <rows>3</rows>
  <cols>3</cols>
  <dt>d</dt>
  <data>
    3.8550427010926583e+03 0. 1296. 0. 3.8550427010926583e+03 972. 0. 0.
    1.</data></camera_matrix>
<distortion_coefficients type_id="opencv-matrix">
  <rows>5</rows>
  <cols>1</cols>
  <dt>d</dt>
  <data>
    -6.8997753941718087e-01 9.9621187024424995e-01 0. 0.
    -1.2268912486596071e+00</data></distortion_coefficients>
<avg_reprojection_error>1.3570393666828027e+00</avg_reprojection_error>
<per_view_reprojection_errors type_id="opencv-matrix">
  <rows>29</rows>
  <cols>1</cols>
  <dt>f</dt>
  <data>
    1.15066516e+00 1.16946173e+00 1.15763795e+00 1.16453803e+00
    1.16965675e+00 1.18899572e+00 1.18493509e+00 1.23282957e+00
    1.27886033e+00 1.30435693e+00 2.64723754e+00 1.13454425e+00
    1.12179685e+00 1.12964094e+00 1.14051116e+00 1.18317056e+00
    1.20096469e+00 1.50661230e+00 1.18977559e+00 2.24259114e+00
    1.20799768e+00 1.21175766e+00 1.22202301e+00 1.22559154e+00
    1.20864475e+00 1.11403012e+00 1.10451210e+00 1.14957678e+00
    2.03002381e+00</data></per_view_reprojection_errors>
<!-- a set of 6-tuples (rotation vector + translation vector) for each view -->
<extrinsic_parameters type_id="opencv-matrix">
  <rows>29</rows>
  <cols>6</cols>
  <dt>d</dt>
  <data>
    -4.2727516592432707e-02 7.5436573922297814e-02
    -2.5077824696593583e-02 -2.8474952220341869e+01
    -2.5834152413895339e+01 2.9741752989861124e+02
    -4.2830979177416781e-02 7.5353197347414566e-02
    -2.5212219152267970e-02 -2.8494753285929171e+01
    -2.5842349582019118e+01 2.9741212075562152e+02
    -4.2728381015525153e-02 7.5426300129414411e-02
    -2.5117492310845063e-02 -2.8484338820143087e+01
    -2.5834171244499263e+01 2.9741528368554810e+02
    -4.2802333745054204e-02 7.5310430662165750e-02
    -2.5141924963977394e-02 -2.8488343227239977e+01
    -2.5832396466532884e+01 2.9741261899715090e+02
    -4.2565837315931797e-02 7.5280531841046106e-02
    -2.5193202049508610e-02 -2.8495278851677558e+01
    -2.5828015217853711e+01 2.9740536978246820e+02
    -3.8461002823891234e-02 7.6559962249058477e-02
    5.7761101915903119e-02 -2.7169902459227451e+01
    -3.8548825608586611e+01 2.9804542223322665e+02
    -3.7726080529699509e-02 7.6289150291371677e-02
    5.5056923914636277e-02 -2.7704930929748766e+01
    -3.8109426577136787e+01 2.9797699631204711e+02
    -2.9716071207749172e-02 7.0331125022307206e-02
    5.6661664788562043e-02 -2.1431015501932581e+01
    -3.7838946256029715e+01 2.9641563427727436e+02
    -3.4428021307398110e-02 7.7032322624622257e-02
    1.4486275090170664e-01 -1.6750123564048607e+01
    -5.1756200759558773e+01 2.9755901881135253e+02
    -3.3408697522526461e-02 7.7219898316717883e-02
    1.4907990992267836e-01 -1.6115604307028196e+01
    -5.2368718645646013e+01 2.9749654240652791e+02
    -5.5920980766561740e-02 7.3572795136780403e-02
    -1.7811163550856862e-01 -3.0689086166447233e+01
    -2.9787936239726250e+01 2.9840482162229290e+02
    -4.8968021758841455e-02 6.8053996932575772e-02
    -2.0946174832751246e-01 -4.1645180589425813e+01
    -2.8229648456634010e+01 2.9857947118424886e+02
    -4.9926574838783648e-02 6.8660305864021623e-02
    -2.0769690787589914e-01 -4.0911280663199570e+01
    -2.8312653097754552e+01 2.9868523513845219e+02
    -4.8877436153325848e-02 6.8638343504346777e-02
    -2.1517085404501968e-01 -3.9931395774426306e+01
    -2.8754065522008148e+01 2.9854340913699571e+02
    -4.8486705843204511e-02 6.8469862534946926e-02
    -2.1530030054942659e-01 -3.9954724356684181e+01
    -2.8752947825993310e+01 2.9846092302405970e+02
    1.9947332707333121e-01 4.1971820637840919e-02
    -2.1434248637269845e-01 -3.9482583365265263e+01
    -2.6140346986398388e+01 2.6851494365343592e+02
    1.1886712887486774e-01 5.1537889945622091e-02
    -2.0998032184948578e-01 -3.9336504624547004e+01
    -2.7730229675386298e+01 2.7856113395371307e+02
    1.1571952484371331e-01 5.7239104063673024e-02
    -2.0784701435027256e-01 -3.9261638560072484e+01
    -2.7602642032835558e+01 2.7854367997857025e+02
    1.0841629673529650e-01 5.3303650561656479e-02
    -2.0520240027504022e-01 -3.8960478018160416e+01
    -2.7813419475551992e+01 2.7973352642200615e+02
    9.3848914392750893e-02 6.3727472109275915e-02
    -2.0697619766029293e-01 -3.8529780193584180e+01
    -2.8110837209937063e+01 2.8290414203996914e+02
    -4.2638845879861720e-02 -9.2214659255718895e-02
    -2.0394227692607411e-01 -4.3964631953545755e+01
    -2.8629872491604232e+01 2.6900162893979450e+02
    -4.8996602534940661e-02 -9.2345647810491802e-02
    -2.0437847412209764e-01 -4.4014135423621909e+01
    -2.8603430499484322e+01 2.6944838265154397e+02
    -3.6066682191448561e-02 -9.2901708764215135e-02
    -2.0349550786394338e-01 -4.3889728745952624e+01
    -2.8652954874597981e+01 2.6836351339975840e+02
    -4.4099268350842158e-02 -9.2910052441427998e-02
    -2.0640660273647413e-01 -4.4255829432828349e+01
    -2.8627419570183637e+01 2.6886812976279134e+02
    -4.4149611606768654e-02 -9.2458568920245829e-02
    -2.0646035551172404e-01 -4.4288497255267885e+01
    -2.8619870560532547e+01 2.6916449256798023e+02
    -4.1221773730147467e-02 2.1734384397686926e-03
    -2.5937650656487687e-02 -3.6859886041649659e+01
    -2.5908875131581119e+01 2.8712428603581179e+02
    -4.1697037129303720e-02 2.3767113101690407e-03
    -2.5994625024712077e-02 -3.6861063160848396e+01
    -2.5879957770924957e+01 2.8723274941260365e+02
    -4.0583762240271791e-02 1.6551157689736664e-03
    -2.5303627650451407e-02 -3.6764565620377581e+01
    -2.5812430522623220e+01 2.8711384095086242e+02
    -3.6406547960477348e-02 8.8250398859537318e-04
    -2.5553640726511943e-02 -3.6774588168264295e+01
    -2.5810603355855257e+01 2.8677185234538155e+02</data></extrinsic_parameters>
