<?xml version="1.0"?>
<opencv_storage>
<calibration_time>"Fri Oct  9 19:03:53 2020"</calibration_time>
<nr_of_frames>20</nr_of_frames>
<image_width>2592</image_width>
<image_height>1944</image_height>
<board_width>11</board_width>
<board_height>8</board_height>
<square_size>11.</square_size>
<fix_aspect_ratio>1.</fix_aspect_ratio>
<!-- flags: +fix_aspectRatio +fix_principal_point +zero_tangent_dist +fix_k4 +fix_k5 -->
<flags>6158</flags>
<fisheye_model>0</fisheye_model>
<camera_matrix type_id="opencv-matrix">
  <rows>3</rows>
  <cols>3</cols>
  <dt>d</dt>
  <data>
    7.1467922804866757e+03 0. 1296. 0. 7.1467922804866757e+03 972. 0. 0.
    1.</data></camera_matrix>
<distortion_coefficients type_id="opencv-matrix">
  <rows>5</rows>
  <cols>1</cols>
  <dt>d</dt>
  <data>
    -1.8889234544084049e-01 -6.4040169996585476e+01 0. 0.
    1.1596189365493115e+03</data></distortion_coefficients>
<avg_reprojection_error>3.7331887158758188e+00</avg_reprojection_error>
<per_view_reprojection_errors type_id="opencv-matrix">
  <rows>20</rows>
  <cols>1</cols>
  <dt>f</dt>
  <data>
    4.43985748e+00 4.58611202e+00 4.99191093e+00 4.74948502e+00
    4.45187855e+00 5.41345787e+00 4.07121325e+00 3.77667904e+00
    4.22449923e+00 3.52721906e+00 2.67319655e+00 3.00046992e+00
    3.04542112e+00 2.82669473e+00 2.54249907e+00 2.80882645e+00
    2.45928144e+00 3.08040547e+00 3.12914181e+00 2.67694426e+00</data></per_view_reprojection_errors>
<!-- a set of 6-tuples (rotation vector + translation vector) for each view -->
<extrinsic_parameters type_id="opencv-matrix">
  <rows>20</rows>
  <cols>6</cols>
  <dt>d</dt>
  <data>
    -2.7686971972156993e-01 1.9405004663472310e-03
    -8.4554706730206580e-03 -5.2338386756889442e+01
    -9.7682330954605039e+00 6.2416193821289517e+02
    -2.7654569508156329e-01 4.2875295235356315e-03
    -7.4171337702818767e-03 -3.9643593561081474e+01
    -9.9495838969902657e+00 6.1947453978282999e+02
    -2.7264574772749317e-01 -7.0405867757513993e-02
    -1.6582122796150747e-02 -3.5699064412624026e+01
    -9.9931387486599057e+00 6.1416772438552118e+02
    -2.6662590635330446e-01 -1.4157107575840350e-01
    -2.6486774548942438e-02 -9.4252669508909307e+01
    -9.2377930609847247e+00 6.2415658687313339e+02
    -2.7117502187125742e-01 9.1845991413645203e-02
    3.9569366621246670e-03 -1.5838064520347556e+01
    -1.0223424326410743e+01 6.4173271637976870e+02
    -2.5802232147734311e-01 5.0715850964367148e-02
    -5.1975679682888538e-03 -2.9177890905322712e+01
    -1.8763913950910784e+01 5.5506465239992292e+02
    -2.0819346067144390e-01 7.4438743774857305e-02
    -1.5044331243680675e-01 -7.6290729963309730e+01
    -1.8948923545894260e+01 6.4397912439549896e+02
    -2.7443072517858819e-01 1.1514138303242369e-03
    -9.0536662714723777e-03 -3.9911907682338587e+01
    -9.8460390411890852e+00 6.7954844084018498e+02
    -2.6606033476815238e-01 -7.6090315165273495e-02
    -2.8455970895032358e-02 -1.0678536033934178e+02
    -7.9931750641434869e+00 6.5493136069084085e+02
    -1.4432265893789861e-01 3.5810098637345855e-02
    2.4516531210014955e-03 -5.4768921675455800e+01
    -2.7414183229685761e+01 6.5194438014711443e+02
    -1.2333149982713895e-01 2.5176640981221864e-02
    1.8713237215157569e-02 -5.5437130051947399e+01
    -7.5510700547221205e+01 6.3811982310693020e+02
    -1.6477403996608403e-01 -2.4318633023725618e-02
    4.3256505897300906e-03 -5.3624216108138320e+01
    -3.3366567978012789e+01 6.5813384327787196e+02
    -1.1441521728153679e-01 -8.9529972182984099e-02
    2.1830197188421185e-01 1.6819840377027502e+00
    -2.9091287112790639e+01 6.3611684826251121e+02
    -1.4116458481142957e-01 -3.9820170338548386e-02
    7.7095256236896517e-02 -1.3093956064183703e+00
    -4.0892423165736126e+01 6.3005245719161826e+02
    -1.9209576665050135e-01 1.3603246821543749e-02
    -2.1874800867856356e-01 -7.2380245665862290e+01
    1.2111369061024289e+00 6.7794218474061427e+02
    -1.3564490866955356e-01 1.2817075287710472e-01
    -3.3294473498393623e-01 -3.4335235324712897e+01
    -1.3236250715449538e+01 6.6401352006733532e+02
    -1.6513046524582881e-01 7.3539788750613018e-03
    4.8457880292578415e-02 -1.0250468191943078e+01
    -4.2412244670614704e+01 6.7059684322773023e+02
    -1.5454578053147205e-01 8.1462853757251680e-02
    2.1817523824356366e-02 -4.2040008812505668e+01
    -3.9363171167777182e+01 6.6656783734113151e+02
    -9.2742315174486001e-02 1.5068920150385137e-01
    -5.2286424816212518e-01 -5.3841135813384852e+01
    -1.4943963580149108e+01 6.6215030558177932e+02
    -1.6040577331259179e-01 -2.9533387956331824e-02
    6.5807955436433030e-02 -4.2645122721521837e+01
    -4.3705128459946415e+01 6.5666098390267655e+02</data></extrinsic_parameters>
