%YAML:1.0
cam_K: !!opencv-matrix
   rows: 3
   cols: 3
   dt: d
   data: [ 3.6963811217582352e+003, 0., 1.3056583029628373e+003, 0.,
       3.6957580572318220e+003, 1.0327381450799699e+003, 0., 0., 1. ]
cam_kc: !!opencv-matrix
   rows: 1
   cols: 5
   dt: d
   data: [ -5.1987076154315170e-001, 1.0343004417362670e-001,
       -1.5033061464775554e-003, 9.8455848359261513e-004, 0. ]
proj_K: !!opencv-matrix
   rows: 3
   cols: 3
   dt: d
   data: [ 1.4297132565211484e+003, 0., 5.0811503221041522e+002, 0.,
       1.4300134628295004e+003, 5.8066173455712453e+002, 0., 0., 1. ]
proj_kc: !!opencv-matrix
   rows: 1
   cols: 5
   dt: d
   data: [ 8.7113024766564379e-002, -3.7983052784999205e-001,
       -3.1412595677060349e-003, -1.2626384979961417e-003, 0. ]
R: !!opencv-matrix
   rows: 3
   cols: 3
   dt: d
   data: [ 9.9911359102912445e-001, -2.6494376351804488e-002,
       3.2712080988777065e-002, 2.5192393511254636e-002,
       9.9889831554603603e-001, 3.9591646953189188e-002,
       -3.3724998592460489e-002, -3.8732456945316837e-002,
       9.9868033987303351e-001 ]
T: !!opencv-matrix
   rows: 3
   cols: 1
   dt: d
   data: [ 6.6671113072893533e+001, -9.1618580454146596e+001,
       -1.8813861138092065e+002 ]
cam_error: 1.3030740898916482e-001
proj_error: 6.7201883310739008e-002
stereo_error: 1.1607247981145984e-001
